# Optimized Phases (radians)
0.09710973
0.19058091
0.49754581
0.90616941
1.17997969
1.74111546
2.63956755
-3.06996235
-2.78107947
-2.59616164
-2.45500522
-2.35708672
-2.25816378
-2.13571955
-1.99453379
-1.86179785
-1.80259056
-1.90225183
-2.15592464
-2.35968267
-2.46177079
-2.54212635
-2.58052254
-2.59169528
-2.58879415
-2.58009289
-2.55848978
-2.37722833
-2.24798990
-2.24347896
-2.31394254
-2.44360314
-2.62468632
-2.83228429
-3.04730523
3.02113725
2.96848221
3.11204217
-2.72129267
-2.07052351
-1.67301821
-1.47596181
-1.18477309
-0.82744294
-0.09436402
1.03665075
1.40697756
1.52818894
1.57337343
1.68574676
1.76339965
1.77616497
1.74545350
1.63016451
1.30072407
0.69302232
0.34382092
0.36815370
0.50438006
0.66017770
0.81007304
0.92563178
1.07675499
1.30788331
1.45995103
1.63453207
1.97842074
-2.73921018
-1.78502420
-1.43533417
-1.04335306
-0.32923961
0.25631024
0.45928875
0.56836739
0.59138655
0.52416486
0.32131176
-0.11128185
-0.75706706
-0.99286449
-1.04525153
-0.98795743
-0.84073829
-0.58613076
-0.18270739
0.30277946
0.69255899
0.92399119
1.04850719
1.14471477
1.62448939
-2.00845148
-1.92135009
-1.85449754
-1.78824008
-1.73694188
-1.71648451
-1.76015655
-1.92089780
-2.23421904
-2.56308827
-2.84516069
-3.01974495
-3.08209162
-3.03982966
-2.87400109
-2.56579629
-2.20284033
-1.97229296
-1.90709561
-1.91769540
-2.03430059
-2.26919773
-2.60883743
-2.96281709
3.04230846
2.84382943
2.69773865
2.58307164
2.52018835
2.23924722
2.04472446
1.84410896
1.63080692
1.37864922
0.87696768
-1.04943404
-1.61118113
-1.82675510
-1.83861046
-1.78388511
-1.82238377
-1.89100199
-2.01181174
-2.26355202
-2.75030826
3.02598609
2.75280963
2.58104566
2.50097035
2.46318678
2.42700460
2.37583297
2.30248708
2.20332004
2.07047994
1.88286029
1.61332715
1.27641842
0.93489550
0.58936851
-0.27842997
-0.65560873
-1.02052349
-1.35970413
-1.65620542
-1.93081242
1.76074676
1.18227359
0.94055455
0.74271309
0.62012780
0.55095709
0.52008879
0.52216888
0.55607400
0.60020689
0.67699268
0.88491242
1.13322181
1.39688657
1.66164951
1.93288720
2.19956152
2.38603218
2.58380139
2.79150551
2.97590212
3.05929037
2.86411348
2.45532057
2.16877502
2.01806762
1.89737018
1.76394037
1.60010013
1.38003706
1.06512552
0.97646028
0.66173019
0.38692040
0.19560545
0.03364575
-0.17061357
-0.56634322
-1.34187717
-1.98111327
-2.30831645
-2.53479061
-2.75375195
-2.98265121
3.08361584
2.87630041
2.64594580
2.83356302
2.94406458
3.04165381
-3.10626172
-2.91179361
-2.64264797
-2.27661659
-1.80942384
-1.29004069
-0.81216974
-0.43643635
-0.16388168
0.02777894
0.14347456
0.16364745
0.11621599
0.02564912
-0.12023952
-0.27846595
-0.41792992
-0.50332529
-0.44225928
0.68182768
1.76913534
1.84034654
1.80159293
1.77000641
1.76816388
1.81089011
1.93744409
2.06553889
2.69590149
-2.30467918
-1.99231978
-1.90904383
-1.88510351
-1.87989613
-1.88135059
-1.87527264
-1.72476169
0.87878141
0.73203253
0.38778043
-0.06811101
-0.54293341
-0.96902128
-1.31152727
-1.58009903
-1.80503477
-2.03645580
-2.43122697
-3.03799396
2.88232008
2.61510827
2.36248747
2.04658333
1.52544576
0.69507106
-0.06739206
-0.66854792
-0.80867168
-0.89011995
-0.96932846
-1.04301420
-1.08001324
-0.38211379
1.60608976
1.58906633
1.50676511
1.39083023
1.23929324
0.87337881
0.17351268
-0.42705645
-0.77829128
-1.00587319
-1.20070728
-1.45754397
-2.30953758
1.31551065
1.28197004
1.27043974
1.20435883
1.11527780
1.01691870
0.90738636
0.76923260
0.55946935
0.15348622
-0.70007533
-1.48970997
-1.86340468
-1.91209101
-1.90681985
-1.92353523
-1.88529478
-1.77805928
-1.57798567
-1.25874842
-0.84574128
-0.34325889
0.51279380
1.12811408
1.41225364
1.56758614
1.66819547
1.72628865
1.74274468
1.66737952
0.32836793
-0.81988303
-0.72138204
-0.38687669
0.06612349
0.52292857
0.92808018
1.22030561
1.43219382
1.57488352
1.67888728
1.76223684
1.84385492
1.95775465
2.21898564
-2.84573472
-1.68254454
-1.43736356
-1.35233414
-1.32058875
-1.31239681
-1.31541898
-1.27401013
-1.38497354
-1.51703849
-1.68074724
-1.88860492
-2.04546338
0.93622883
0.85217728
0.77227205
0.70516714
0.63373266
0.55303284
0.46753891
0.39103641
0.34842257
0.28707990
-0.04163589
-1.02940388
-1.74470422
-1.98306154
-2.06719947
-2.06286795
-1.96013656
-1.66353078
-1.05669744
-0.49780839
-0.25380922
-0.15068329
0.03296838
-0.09836002
-0.25209336
-0.44437121
-0.69158800
-0.97331978
-1.19300825
-1.28530006
-1.31090832
-1.29811059
-1.22851012
-1.04086474
-0.59795277
0.26713095
1.20953002
1.69490452
1.95165983
2.14197344
2.31065579
2.46424189
2.59742112
2.71939369
2.98106194
-0.53513630
-0.44705598
-0.44133975
-0.46019956
-0.49048141
-0.52115878
-0.53681570
-0.51040865
-0.38645120
0.03302691
1.27417615
1.90062634
2.07877648
