# Optimized Phases (radians)
-1.86451308
-2.40233256
-3.13042873
2.65017997
2.57119111
2.48767485
2.41696954
2.37146927
2.33953548
2.30676036
2.25139121
2.12597860
1.80364069
1.12700517
0.57589787
0.37201574
0.46599520
0.57121392
0.67622380
0.78416816
0.89412459
1.00500816
1.11966178
1.23839891
1.37090327
1.88132740
2.16215850
2.28766498
2.32891005
2.31829300
2.26922690
2.19981099
2.13166633
2.07872809
2.04047082
1.99646681
1.91743339
1.75898647
1.39386847
0.51814492
-0.28467074
-0.63185299
-0.83148141
-0.67238690
-0.83283658
-1.00390613
-1.24012816
-1.64875317
-2.33846299
-2.99407920
2.89824297
2.65208445
2.46967929
2.31388079
2.16465089
2.00869123
1.82689082
1.57354246
1.12844880
0.39051682
-0.15886673
-0.36761034
-0.57937124
-0.85164942
-1.30358111
-2.09396931
-2.84105014
3.03596875
2.80091343
2.63975904
2.50995599
2.37295515
2.23531693
2.04266412
1.51569804
0.02793473
-0.52045817
-0.71174935
-0.82452599
-0.90737512
-0.96834280
-1.04084214
2.10658835
2.02121996
1.93904792
1.84235514
1.73915533
1.63205981
1.51724914
1.39982879
1.35162167
-2.18357210
-2.29183081
-2.45124008
-2.62238215
-2.83702561
-3.07310482
3.02596678
2.90239291
2.84579027
2.90158419
3.13193285
-2.81396160
-2.56170642
-2.43897561
-2.41336323
-2.49279539
-2.85857297
2.16445659
1.55733028
1.42921157
1.41730521
1.45737645
1.54362391
1.70775094
2.03033216
2.71018004
-2.92294504
-2.66117944
-2.57702143
-2.58282073
-2.64952004
-2.78536093
-3.12596070
1.97000878
1.16622031
0.93653813
0.84377415
0.80197985
0.78967002
0.80780837
0.88598984
0.78012531
0.62368762
0.44008392
-0.03648438
-2.09025409
-2.59096838
-2.85367496
-3.12783724
2.82354757
2.30821299
1.96733792
1.87730145
1.86761379
1.88684689
1.92713031
2.02427045
2.16081041
2.36947986
3.09700712
-1.70180272
-1.35088931
-1.24747366
-1.16679980
-1.06229894
-0.94721558
-0.82842063
-0.81042118
2.74489767
2.77188135
2.84978545
2.92879127
3.00483167
3.08020091
-3.11102748
-2.95534656
-1.65457459
-0.13945685
-0.04137999
-0.02857787
-0.05733913
-0.12513646
-0.20243695
-0.69756220
-2.52362726
-3.03335606
3.05505726
2.90625840
2.75979763
2.59876170
2.41164929
2.18876032
1.91714848
1.54741573
1.01971857
0.55266433
0.30276755
0.12320823
-0.06087851
-0.26754215
-0.48117252
-0.65323721
-0.76232945
-0.85019854
-0.99682663
-0.90740558
1.71897139
1.88348385
1.93355625
1.98957216
2.07038194
2.18755863
2.32540385
2.45409894
2.54536541
2.58134456
2.55238555
2.45057115
2.26950320
2.01985197
1.73936407
1.48850116
1.29219810
1.13714860
0.91089844
0.32000099
-1.01378787
-1.53933301
-1.70396546
-1.78063325
-1.81853009
-1.86474578
-1.92926087
-2.03580172
-2.22831735
-2.55932424
-2.86026227
3.05881578
2.35113049
1.07928380
0.52777206
0.27260585
0.17336317
-0.01420564
-0.07564424
-0.12863376
-0.20049842
-0.31409217
-0.51956280
-0.94804793
-1.71071867
-2.31396434
-2.60911021
-2.76841508
-2.88246452
-2.99375675
-3.12896959
2.94909517
2.59418630
1.95493346
1.03219757
0.34703824
-0.08912113
-0.38612432
-0.56497901
-0.56077446
-0.32062769
0.04853125
0.32832834
0.48504081
0.56814485
0.61256908
0.63906892
0.66016725
0.64570821
0.18630484
-1.24388127
-1.61077432
-1.71744724
-1.76871546
-1.80277395
-1.83262594
-1.87287165
-1.96027161
-2.10676528
-2.36031751
2.42734433
1.35588022
1.11635870
0.95650950
0.80199437
0.62841583
0.41290158
-0.10030114
-0.31241852
-0.52054250
-0.82994127
-1.71792409
-2.93683575
2.96614763
2.79252828
2.67138287
2.51966896
2.31492304
2.15497439
1.93652814
1.52117301
0.62446673
-0.22313429
-0.64387742
-0.91380922
-1.15174189
-1.38708082
-1.62811863
-1.90098415
-2.20317627
-2.51513160
-2.84217038
3.06725309
2.54737859
1.58051587
0.70255762
0.31263377
0.11773389
0.01537982
-0.06689908
-0.11423704
-0.12018034
-0.06747125
0.09157495
0.47273143
1.13981530
1.69565629
2.01991733
2.24395541
2.40042804
2.64880594
-2.30131671
-1.36102456
-1.18886552
-1.13079855
-1.10060853
-1.05864125
-0.97328990
-0.87619747
-0.62635611
1.38486661
1.88248836
1.96254755
1.98365198
1.97928985
1.95169634
1.89086583
1.77424092
1.56245851
1.23229974
0.89152222
0.48841594
0.31773713
0.19726250
0.09196390
-0.01670468
-0.12474309
-0.20335757
-0.20867805
-0.10542494
0.15613738
0.56999570
0.60124257
0.65881318
0.73975550
0.84771167
0.99568201
1.20712438
1.51409251
1.98082044
2.67417692
-2.94596780
-2.51561675
-2.19657048
-1.86146554
-1.46274445
-1.10276059
-0.86990062
-0.74187456
-0.68287807
-0.66987391
-0.67181094
-0.67916541
-0.71979968
-0.82294540
-1.05775553
-1.59681247
-2.36758805
-2.81825848
-3.03014156
3.13880037
3.06987137
3.02008941
2.96638641
2.89275298
2.74951343
1.72449123
0.01160655
-0.18591676
-0.32220831
-0.52263043
-1.08536841
-2.34455984
