# Optimized Phases (radians)
-2.75762386
-2.63213377
-2.59694935
-2.78415713
2.49514777
1.60586591
1.39171548
1.29762247
1.20991953
1.11118215
1.00172870
0.89034953
0.79530165
0.73260993
0.66930673
0.52052971
0.06382580
-1.00901077
-1.57212613
-1.74955768
-1.81055370
-1.83252767
-1.80832349
-1.71679648
-1.08058558
0.06770860
0.40996320
0.55971834
0.67897870
0.84577537
1.52900919
-3.07238511
-2.87274975
-2.84021133
-2.84273168
-2.87343500
-2.95262668
-3.12494369
2.87689467
2.53600697
2.14474248
1.73898362
1.37204559
1.08850531
0.93502167
0.87889225
0.88495531
0.94231969
1.05596988
1.23969337
1.53630221
1.72871837
1.87487168
1.93887586
1.92544711
1.86051159
1.74235856
1.68233647
1.90605506
2.29447801
2.74896954
3.11026396
-2.93517535
-2.78025040
-2.69566412
-2.69891123
-2.81299656
0.96713924
0.91000406
0.93749481
0.97735943
1.03024413
1.10262906
1.21098448
1.40849632
1.89656281
-3.07956326
-2.60324338
-2.37977072
-2.19747657
-1.96742595
-1.62257370
-1.08868232
-0.63445604
-0.35902060
0.02006967
0.39350388
0.76710188
1.16477507
1.58388996
1.97934888
2.33003464
2.86720305
-2.84490827
-2.23834114
-1.93670633
-1.79913927
-1.68281755
-1.54074971
-1.33334028
-0.99930513
-0.49025524
0.04858599
0.40365903
0.26887860
0.09107663
-0.20015089
-0.81279343
-1.71613318
-2.31212340
-2.65007943
-2.88153519
-3.06017538
3.06298019
2.87298456
2.72485892
2.64604445
2.59147350
2.52554310
2.37265558
1.93465647
1.05801487
0.37970189
0.08841556
-0.10223901
-0.38442592
-1.11705841
-2.02243408
-2.48297218
-2.65114190
-2.75977612
-2.84884711
-2.97499189
2.95735191
1.60697701
0.92567831
0.74649278
0.66978710
0.63354168
0.62043178
0.62051150
0.60390520
0.42756176
-0.90157358
-1.83902898
-1.98600478
-2.00425431
-1.93434515
-1.71578884
-1.16006912
-0.46821140
-0.18612876
-0.07665663
0.00401279
0.00077494
0.34380877
2.12218751
2.57636425
2.65180022
2.65654018
2.62669612
2.57551648
2.51119289
2.58527523
2.48071259
2.05829603
0.03564782
-0.29772721
-0.41740181
-0.53216234
-0.74077593
-1.58169037
-3.02727698
2.93822114
2.81862605
2.74937271
2.69141067
2.61142099
2.57853085
2.81365046
-2.07511393
-1.69137510
-1.73579345
-1.86892466
-2.09322077
-2.36527127
-2.55192339
-2.79950751
1.27522002
0.69992768
0.47003476
0.43802319
0.40332334
0.34313590
0.25487086
0.10950293
-0.22906266
-1.53955506
-2.50146694
-2.73536454
-2.85283263
-2.96779816
-3.11438756
3.01497908
2.81021450
2.52525418
2.06946474
1.45376853
0.92971185
0.61654434
0.48065432
0.30256573
-0.08622663
-0.68738817
-1.21336880
-1.51387224
-1.66952944
-1.76088213
-1.88613851
-2.14066425
-2.39628590
-2.52875222
-2.50117425
-2.23207105
-1.58215573
-0.98520729
-0.71628776
-0.70758199
-0.65306579
-0.63111959
-0.67688146
-0.83718371
-1.24138718
-1.98906561
-2.56294764
-2.69499764
-3.06741195
2.82792077
2.46149070
2.17793167
1.98333935
1.85198904
1.75847500
1.71814286
1.67478957
1.65622433
1.71720811
2.38383080
-2.22162748
-2.06258191
-2.11698372
-2.21575905
-2.33678292
-2.49193776
-2.68640552
-2.87604658
-2.91786645
-2.93047128
-2.93674137
-2.88951938
-2.78734806
-2.62177933
-2.30729113
-1.30774274
-0.30432300
0.01748329
0.31973851
0.62288817
0.95642002
1.32169291
1.65914058
1.92063456
2.12192042
2.29862180
2.47046690
2.72011280
-3.05989115
-1.58362137
-0.78195651
-0.46022598
-0.24512054
-0.07237510
0.08720063
0.25761906
0.46940787
0.75090560
1.10215969
1.46881029
1.76776557
1.95622889
2.02109933
1.92501252
1.57695217
1.03264325
0.64724660
0.45107630
0.35482193
0.30433360
0.27094416
0.24099347
0.14316932
0.05039718
-2.70550142
-2.74274433
-2.71061185
-2.66465162
-2.58961653
-2.47485506
-2.31358888
-2.10437664
-1.85868007
-1.60718097
-1.40532978
-1.28423352
-1.07775939
-0.78610766
-0.12255099
0.84021228
1.34011829
1.56182187
1.63147707
1.64924735
1.63765957
1.60071486
1.56391593
1.60784102
1.89098311
2.51328544
2.93692314
3.06254276
3.08859865
3.08717632
3.08399815
3.09583979
-3.12989567
-2.96582210
-2.62501919
-2.03598834
-1.43473649
-1.05120431
-0.78086292
-0.47235670
1.20560332
1.83183268
1.86188357
1.80511749
1.66457084
1.23999036
-0.18605643
-0.83254381
-1.03044613
-1.17395024
-1.37038495
-1.64696415
-2.00971361
-2.40789336
-2.71732608
-2.88232906
-2.92275650
-2.88844518
-2.81420501
-2.68975576
-2.54550668
-2.45479419
-2.49374186
-2.68410990
-2.97474192
-3.13286280
-3.01496320
-2.94776963
-2.88813894
-2.81725574
-2.72207109
-2.59636779
-2.45445839
-2.33592250
-2.28140424
-2.31689235
-2.43216096
-2.58798331
-2.74624292
-2.88271434
-2.98771376
-3.05599352
-3.10411436
3.10210259
-3.06704969
-1.63579317
-1.04964958
-1.07896988
-1.38521173
-2.03233657
-2.71489272
-3.07597084
2.87775335
2.81726485
2.90653210
-3.09673370
-2.56267471
-1.93033958
