# Optimized Phases (radians)
2.06130575
1.97798187
1.91764537
1.86407078
1.79443101
1.72249721
1.64891697
1.54841996
1.12301734
-1.20011162
-1.38776261
-1.46354649
-1.54154102
-1.61486367
-1.68735205
-1.77308782
-1.88310362
-2.02228584
-2.18473637
-2.35066003
-2.49344511
-2.63021596
-2.78425819
-2.85525971
-2.85585459
-2.74487570
-2.48021387
-1.90485207
-0.86032154
-0.16409885
0.28678899
0.73869852
1.19482154
1.55878651
1.80993075
1.98436973
2.11475495
2.22639240
2.36013546
2.55546561
2.83235839
3.04615315
-3.12502252
-3.09184666
-3.13222616
3.04692690
2.89264384
2.71886498
2.56280281
2.45072693
2.38682747
2.36320436
2.36893700
2.39205664
2.41923489
2.44486184
2.47248739
2.45045489
-0.00091760
-0.29849674
-0.25643237
-0.15584933
-0.04486303
0.04175360
0.09185290
0.09529616
0.04144092
-0.13080266
-0.49955144
-0.86727758
-1.09494258
-1.16895934
-1.11700258
-0.93853193
-0.62803818
-0.27405943
-0.05256928
0.02091404
0.02322813
-0.01910898
-0.10734031
-0.25832505
-0.50330707
-0.84726685
-1.46156645
-2.01574538
-2.24576298
-2.27233150
-2.41234289
-2.54084204
-2.66286463
-2.79547815
-2.94301524
-3.10355223
3.00829068
2.84133667
2.64706593
2.40282586
2.04851796
1.47348196
0.62749101
-0.09325276
-0.69158826
-1.01676863
-1.24317723
-1.45816271
-1.71203979
-2.03270085
-2.39050365
-2.71812018
-2.97607011
3.10979306
2.93635933
2.75281031
2.53312696
2.27612975
2.02616123
1.83032821
1.69615685
1.60769427
1.54490026
1.48799954
1.41200041
1.27829989
1.01286383
0.51107761
-0.10772882
-0.51168328
-0.72718085
-0.87132302
-1.05282167
-1.24812037
-1.44769680
-1.67242757
-1.93010573
-2.21825852
-2.51710439
-2.80116135
-3.05928877
3.00098955
2.82287857
2.69278285
2.60380318
2.53620514
2.45690086
2.31391550
2.03003927
1.55843131
1.05970182
0.72249479
0.52000262
0.38681040
0.27742667
0.15185675
0.05042869
0.02726384
-2.23801292
-2.65386323
-2.70383333
-2.75090703
-2.83506104
-2.99116186
3.01616005
2.60622182
2.19200668
1.92068871
1.80553208
1.74125864
1.68969219
1.64167190
1.58693684
1.51445941
1.39651823
1.12973827
0.27146278
-0.74541502
-0.99932363
-0.97578571
-0.90171201
-0.85967230
-0.87760770
-1.01295406
-1.31972139
-1.65811241
-1.92030937
-2.10434331
-2.21086903
-2.26751082
-2.31253233
-2.38233709
-2.59460088
3.06248725
2.36157315
1.91369492
1.54756608
1.20846205
0.86312178
0.42572143
-0.11799708
-0.60677608
-0.96454330
-1.24075253
-1.50935896
-1.98027207
-2.62991946
3.12785829
2.83204890
2.66177845
2.54763171
2.45890205
2.38270382
2.31758697
2.26808363
2.06013869
1.39965511
0.63129674
0.32885318
0.26014693
0.31220864
0.47070141
0.72745594
1.00339540
1.17455712
1.22358040
1.18979616
1.07344461
0.84089025
0.43573139
-0.15146545
-0.74698054
-1.21456288
-1.58437187
-1.87233794
-2.11939172
-2.36123125
-2.62034045
-2.93656323
2.88326683
2.14487822
1.25998827
0.61346207
0.21862014
-0.06077920
-0.30202833
-0.55858492
-0.87670185
-1.36151404
-1.84893525
-2.19265505
-2.40198639
-2.53083224
-2.61045574
-2.65532921
-2.67319128
-2.66889614
-2.65224877
-2.88895023
1.42195000
1.42994649
1.49707648
1.58601572
1.68180353
1.76644935
1.80598678
1.77512069
1.63449572
1.24213669
0.50253115
0.01910089
-0.10945280
-0.10271000
-0.02989682
0.09735227
0.29866671
0.64367982
1.22533562
1.58651883
1.70673360
1.73802386
1.78768340
1.87833110
1.95085550
2.03005055
2.19066299
3.11283047
-1.65177786
-1.47095122
-1.42526704
-1.39222368
-1.52706864
-1.57079249
-1.62299613
-1.68849332
-1.76833778
-1.85466288
-1.84746979
-1.06924165
-0.08725183
0.10295984
0.15687191
0.18921312
0.23141861
0.27931725
0.30445673
0.32143775
0.35639586
0.41407847
0.49747405
0.61700018
0.84027214
1.29284070
1.73166421
2.11845124
2.56339429
3.06500161
-2.80405710
-2.53502014
-2.36886781
-2.26417863
-2.19768240
-2.15889841
-2.14972667
-2.22432501
2.98812841
2.02324871
1.99246284
2.04641233
2.10205635
2.15440419
2.23220598
2.29644830
2.24747353
0.75871944
-0.11840143
-0.15748132
-0.11951121
-0.05986731
0.01781950
0.13822854
0.34792082
0.77386060
1.55944478
2.18557341
2.48086813
2.63522251
2.71909141
2.72138911
2.69728076
2.62303361
2.37621487
0.97545987
0.06403870
-0.13633549
-0.24860692
-0.36574623
-0.49705158
-0.64077229
-0.79375024
-0.89915950
-0.82417076
0.13822467
0.97819688
1.07247341
1.03500375
0.95836584
0.85861879
0.73550181
0.55111682
0.26919018
-0.05738509
-0.34511138
-0.54252340
-1.07411502
-2.21371134
-2.77760763
-2.99350611
-3.11001102
3.09149391
3.02718063
2.98591722
3.09700103
-0.94463830
-0.49363536
-0.51560866
-0.57210440
-0.63650272
-0.71584033
-0.84381153
-0.93251245
-0.99576948
-1.05529075
-1.13059070
-1.28833481
-2.31736624
2.49847245
2.32095598
2.23994384
2.22207898
2.05536742
1.57079633
